#position|phenotype|gender|father|mother|no. of children|no. of identical siblings|child1|child2|....|childn|sibling1|sibling2|...|sibingn

>(1,1)|1|1|0|0|3|0|(2,6)|(2,7)|(2,8)|
>(1,2)|0|2|0|0|3|0|(2,6)|(2,7)|(2,8)|
>(1,3)|0|1|0|0|3|0|(2,9)|(2,10)|(2,12)|
>(1,4)|1|2|0|0|3|0|(2,9)|(2,10)|(2,12)|

>(2,5)|1|2|0|0|2|0|(3,13|(3,14)|
>(2,6)|0|1|(1,1)|(1,2)|2|0|(3,13)|(3,14)|(2,7)|(2,8)|
>(2,7)|0|2|(1,1)|(1,2)|0|0|(2,6)|(2,8)|
>(2,8)|0|2|(1,1)|(1,2)|3|0|(3,15)|(3,16)|(3,17)|(2,6)|(2,7)|
>(2,9)|0|1|(1,3)|(1,4)|3|0|(3,15)|(3,16)|(3,17)|(2,10)|(2,12)|
>(2,10)|1|1|(1,3)|(1,4)|2|0|(3,18)|(3,19)|(2,9)|(2,12)|
>(2,11)|1|2|0|0|2|0|(3,18)|(3,19)|
>(2,12)|0|2|(1,3)|(1,4)|0|0|

>(3,13)|1|1|(2,6)|(2,5)|0|0|(3,14)|
>(3,14)|0|2|(2,6)|(2,5)|0|0|(3,13)|
>(3,15)|0|1|(2,9)|(2,8)|0|0|(3,16)|(3,17)|
>(3,16)|0|2|(2,9)|(2,8)|0|0|(3,15)|(3,17)|
>(3,17)|1|2|(2,9)|(2,8)|0|0|(3,15)|(3,16)|
>(3,18)|1|2|(2,10)|(2,11)|0|0|(3,19)|
>(3,19)|1|1|(2,10)|(2,11)|0|0|(3,18)|

