#position|phenotype|gender|father|mother|no. of children|no. of identical siblings|child1|child2|…..|childn|sibling1|sibling2|….|sibling
>(1,1)|1|1|0|0|4|0|(2,2)|(2,4)|(2,5)|(2,6)
>(1,2)|0|2|0|0|4|0|(2,2)|(2,4)|(2,5)|(2,6)
>(2,1)|0|2|0|0|4|0|(3,1)|(3,2)|(3,3)|(3,4)
>(2,2)|0|1|(1,1)|(1,2)|4|0|(3,1)|(3,2)|(3,3)|(3,4)
>(2,3)|0|1|0|0|6|0|(3,5)|(3,6)|(3,7)|(3,8)|(3,9)|(3,10)
>(2,4)|1|2|(1,1)|(1,2)|6|0|(3,5)|(3,6)|(3,7)|(3,8)|(3,9)|(3,10)
>(2,5)|0|1|(1,1)|(1,2)|0|0
>(2,6)|1|1|(1,1)|(1,2)|3|0|(3,11)|(3,12)|(3,13)
>(2,7)|0|2|0|0|3|0|(3,11)|(3,12)|(3,13)
>(3,1)|0|1|(2,2)|(2,1)|0|0
>(3,2)|0|2|(2,2)|(2,1)|0|0
>(3,3)|0|2|(2,2)|(2,1)|0|0
>(3,4)|0|2|(2,2)|(2,1)|0|0
>(3,5)|1|2|(2,3)|(2,4)|0|0
>(3,6)|0|1|(2,3)|(2,4)|0|0
>(3,7)|1|1|(2,3)|(2,4)|0|0
>(3,8)|0|2|(2,3)|(2,4)|0|0
>(3,9)|0|2|(2,3)|(2,4)|0|0
>(3,10)|0|1|(2,3)|(2,4)|0|0
>(3,11)|1|2|(2,6)|(2,7)|0|0
>(3,12)|0|2|(2,6)|(2,7)|0|0
>(3,13)|1|1|(2,6)|(2,7)|0|0