#position|phenotype|gender|father|mother|no. of children|no. of identical siblings|child1|child2|…..|childn|sibling1|sibling2|….|siblingn
>(1,1)|0|2|0|0|4|0|(2,2)|(2,3)|(2,4)|(2,5)
>(1,2)|1|1|0|0|4|0|(2,2)|(2,3)|(2,4)|(2,5)
>(2,1)|0|1|0|0|4|0|(3,1)|(3,2)|(3,3)|(3,4)
>(2,2)|1|2|(1,2)|(1,1)|4|0|(3,1)|(3,2)|(3,3)|(3,4)
>(2,3)|1|2|(1,2)|(1,1)|0|0
>(2,4)|0|1|(1,2)|(1,1)|0|0
>(2,5)|0|1|(1,2)|(1,1)|0|0
>(3,1)|0|2|(2,1)|(2,2)|0|0
>(3,2)|1|2|(2,1)|(2,2)|0|0
>(3,3)|0|1|(2,1)|(2,2)|0|0
>(3,4)|1|1|(2,1)|(2,2)|0|0